npar: 14.0
fmin: 0.0127547
chisq: 12.6271306
df: 6.0
pvalue: 0.0493544
baseline.chisq: 1655.1647513
baseline.df: 10.0
baseline.pvalue: 0.0
cfi: 0.9959718
tli: 0.9932863
nnfi: 0.9932863
rfi: 0.9872851
nfi: 0.9923711
pnfi: 0.5954226
ifi: 0.9959815
rni: 0.9959718
logl: -427.4040575
unrestricted.logl: -421.0904922
aic: 882.8081149
bic: 941.6719236
ntotal: 495.0
bic2: 897.2356217
rmsea: 0.0472372
rmsea.ci.lower: 0.0023898
rmsea.ci.upper: 0.0839089
rmsea.pvalue: 0.4928459
rmr: 0.003238
rmr_nomean: 0.0037389
srmr: 0.0199203
srmr_bentler: 0.0199203
srmr_bentler_nomean: 0.023002
crmr: 0.010652
crmr_nomean: 0.013046
srmr_mplus: 0.016921
srmr_mplus_nomean: 0.0195387
cn_05: 494.606654
cn_01: 660.0481804
gfi: 0.9902982
agfi: 0.9676608
pgfi: 0.2970895
mfi: 0.9933283
ecvi: 0.082075
